1717074799416 7.042253521126761e-05 1
1717074801410 0.00014084507042253522 2
1717074804034 0.00021126760563380283 3
1717074805030 0.00028169014084507044 4
1717074806402 0.00035211267605633805 5
1717074807269 0.00042253521126760566 6
1717074808876 0.0004929577464788732 7
1717074813641 0.0005633802816901409 8
1717074814748 0.0006338028169014084 9
1717074815651 0.0007042253521126761 10
1717074816567 0.0007746478873239436 11
1717074817626 0.0008450704225352113 12
1717074822114 0.0009154929577464789 13
1717074823776 0.0009859154929577464 14
1717074824725 0.001056338028169014 15
1717074826054 0.0011267605633802818 16
1717074829600 0.0011971830985915493 17
1717074830885 0.0012676056338028169 18
1717074834702 0.0013380281690140844 19
1717074835660 0.0014084507042253522 20
1717074837302 0.0014788732394366197 21
1717074839157 0.0015492957746478873 22
1717074841898 0.0016197183098591549 23
1717074843744 0.0016901408450704226 24
1717074846247 0.0017605633802816902 25
1717074847088 0.0018309859154929577 26
1717074849498 0.0019014084507042253 27
1717074853200 0.001971830985915493 28
1717074854172 0.0020422535211267606 29
1717074856708 0.002112676056338028 30
1717074858121 0.0021830985915492957 31
1717074860620 0.0022535211267605635 32
1717074861764 0.002323943661971831 33
1717074865549 0.0023943661971830986 34
1717074866919 0.0024647887323943664 35
1717074870566 0.0025352112676056337 36
1717074871639 0.0026056338028169015 37
1717074872822 0.002676056338028169 38
1717074874786 0.0027464788732394366 39
1717074876264 0.0028169014084507044 40
1717074878231 0.0028873239436619717 41
1717074879440 0.0029577464788732395 42
1717074880890 0.0030281690140845073 43
1717074882608 0.0030985915492957746 44
1717074884255 0.0031690140845070424 45
1717074886722 0.0032394366197183097 46
1717074888129 0.0033098591549295775 47
1717074889649 0.0033802816901408453 48
1717074890502 0.0034507042253521126 49
1717074892497 0.0035211267605633804 50
1717074893827 0.0035915492957746477 51
1717074895850 0.0036619718309859155 52
1717074897130 0.0037323943661971832 53
1717074898312 0.0038028169014084506 54
1717074899172 0.0038732394366197184 55
1717074901419 0.003943661971830986 56
1717074902751 0.004014084507042254 57
1717074904943 0.004084507042253521 58
1717074906301 0.004154929577464789 59
1717074907340 0.004225352112676056 60
1717074909458 0.004295774647887324 61
1717074910452 0.0043661971830985915 62
1717074913227 0.004436619718309859 63
1717074917498 0.004507042253521127 64
1717074918896 0.004577464788732394 65
1717074919719 0.004647887323943662 66
1717074920646 0.00471830985915493 67
1717074921367 0.004788732394366197 68
1717074924062 0.0048591549295774646 69
1717074924836 0.004929577464788733 70
1717074926753 0.005 71
1717074928797 0.0050704225352112674 72
1717074929823 0.005140845070422535 73
1717074931995 0.005211267605633803 74
1717074933138 0.00528169014084507 75
1717074937165 0.005352112676056338 76
1717074940626 0.005422535211267606 77
1717074942222 0.005492957746478873 78
1717074943617 0.0055633802816901405 79
1717074947863 0.005633802816901409 80
1717074949507 0.005704225352112676 81
1717074950572 0.005774647887323943 82
1717074952372 0.005845070422535212 83
1717074953860 0.005915492957746479 84
1717074954760 0.005985915492957746 85
1717074957127 0.0060563380281690145 86
1717074959151 0.006126760563380282 87
1717074960665 0.006197183098591549 88
1717074962063 0.0062676056338028165 89
1717074963380 0.006338028169014085 90
1717074965457 0.006408450704225352 91
1717074966732 0.006478873239436619 92
1717074968672 0.006549295774647888 93
1717074971165 0.006619718309859155 94
1717074974175 0.006690140845070422 95
1717074975036 0.0067605633802816905 96
1717074976645 0.006830985915492958 97
1717074977844 0.006901408450704225 98
1717074979099 0.006971830985915493 99
1717074980295 0.007042253521126761 100
1717074981689 0.007112676056338028 101
1717074983743 0.007183098591549295 102
1717074984728 0.007253521126760564 103
1717074986634 0.007323943661971831 104
1717074988632 0.007394366197183098 105
1717074989764 0.0074647887323943665 106
1717074991465 0.007535211267605634 107
1717074992290 0.007605633802816901 108
1717074994787 0.007676056338028169 109
1717074995954 0.007746478873239437 110
1717074997299 0.007816901408450705 111
1717075000254 0.007887323943661971 112
1717075001744 0.00795774647887324 113
1717075003990 0.008028169014084508 114
1717075005307 0.008098591549295774 115
1717075006652 0.008169014084507042 116
1717075009301 0.00823943661971831 117
1717075010599 0.008309859154929577 118
1717075012499 0.008380281690140845 119
1717075013430 0.008450704225352112 120
1717075015070 0.00852112676056338 121
1717075016061 0.008591549295774648 122
1717075017431 0.008661971830985915 123
1717075018744 0.008732394366197183 124
1717075019564 0.008802816901408451 125
1717075022118 0.008873239436619718 126
1717075023819 0.008943661971830986 127
1717075025682 0.009014084507042254 128
1717075026653 0.00908450704225352 129
1717075030510 0.009154929577464789 130
1717075033226 0.009225352112676057 131
1717075034576 0.009295774647887323 132
1717075035758 0.009366197183098592 133
1717075037615 0.00943661971830986 134
1717075038855 0.009507042253521126 135
1717075039973 0.009577464788732394 136
1717075041451 0.009647887323943663 137
1717075042898 0.009718309859154929 138
1717075044136 0.009788732394366197 139
1717075045384 0.009859154929577466 140
1717075047559 0.009929577464788732 141
1717075048849 0.01 142
1717075051323 0.010070422535211268 143
1717075052850 0.010140845070422535 144
1717075054573 0.010211267605633803 145
1717075058824 0.01028169014084507 146
1717075060828 0.010352112676056338 147
1717075062414 0.010422535211267606 148
1717075063392 0.010492957746478872 149
1717075065506 0.01056338028169014 150
1717075067109 0.010633802816901409 151
1717075068754 0.010704225352112675 152
1717075070887 0.010774647887323944 153
1717075072272 0.010845070422535212 154
1717075074693 0.010915492957746478 155
1717075076167 0.010985915492957746 156
1717075077413 0.011056338028169015 157
1717075079913 0.011126760563380281 158
1717075081514 0.01119718309859155 159
1717075083304 0.011267605633802818 160
1717075086605 0.011338028169014084 161
1717075089616 0.011408450704225352 162
1717075090674 0.01147887323943662 163
1717075091404 0.011549295774647887 164
1717075093998 0.011619718309859155 165
1717075094917 0.011690140845070423 166
1717075097386 0.01176056338028169 167
1717075099075 0.011830985915492958 168
1717075100516 0.011901408450704226 169
1717075101429 0.011971830985915493 170
1717075104153 0.01204225352112676 171
1717075105530 0.012112676056338029 172
1717075106522 0.012183098591549296 173
1717075110720 0.012253521126760564 174
1717075111457 0.01232394366197183 175
1717075113942 0.012394366197183098 176
1717075115744 0.012464788732394367 177
1717075118596 0.012535211267605633 178
1717075120634 0.012605633802816901 179
1717075122594 0.01267605633802817 180
1717075123939 0.012746478873239436 181
1717075125496 0.012816901408450704 182
1717075126489 0.012887323943661972 183
1717075127365 0.012957746478873239 184
1717075128827 0.013028169014084507 185
1717075130908 0.013098591549295775 186
1717075132354 0.013169014084507042 187
1717075133793 0.01323943661971831 188
1717075137630 0.013309859154929578 189
1717075139795 0.013380281690140845 190
1717075141401 0.013450704225352113 191
1717075144587 0.013521126760563381 192
1717075145571 0.013591549295774647 193
1717075146652 0.013661971830985916 194
1717075150573 0.013732394366197184 195
1717075154227 0.01380281690140845 196
1717075155599 0.013873239436619719 197
1717075157827 0.013943661971830987 198
1717075160910 0.014014084507042253 199
1717075162304 0.014084507042253521 200
1717075163011 0.014154929577464788 201
1717075164020 0.014225352112676056 202
1717075166469 0.014295774647887324 203
1717075169769 0.01436619718309859 204
1717075170742 0.014436619718309859 205
1717075172138 0.014507042253521127 206
1717075173540 0.014577464788732394 207
1717075174560 0.014647887323943662 208
1717075176448 0.01471830985915493 209
1717075178100 0.014788732394366197 210
1717075180801 0.014859154929577465 211
1717075182065 0.014929577464788733 212
1717075184577 0.015 213
1717075185453 0.015070422535211268 214
1717075187109 0.015140845070422536 215
1717075188526 0.015211267605633802 216
1717075192905 0.01528169014084507 217
1717075194581 0.015352112676056339 218
1717075196278 0.015422535211267605 219
1717075199115 0.015492957746478873 220
1717075200557 0.015563380281690142 221
1717075202330 0.01563380281690141 222
1717075204044 0.015704225352112675 223
1717075206242 0.015774647887323943 224
1717075207292 0.01584507042253521 225
1717075209719 0.01591549295774648 226
1717075211599 0.015985915492957747 227
1717075213586 0.016056338028169016 228
1717075215325 0.01612676056338028 229
1717075219670 0.01619718309859155 230
1717075221086 0.016267605633802817 231
1717075222499 0.016338028169014085 232
1717075224584 0.016408450704225353 233
1717075225618 0.01647887323943662 234
1717075228595 0.016549295774647886 235
1717075229868 0.016619718309859154 236
1717075231929 0.016690140845070423 237
1717075236407 0.01676056338028169 238
1717075237403 0.01683098591549296 239
1717075239877 0.016901408450704224 240
1717075241307 0.016971830985915492 241
1717075245553 0.01704225352112676 242
1717075247038 0.01711267605633803 243
1717075248732 0.017183098591549296 244
1717075250802 0.017253521126760565 245
1717075252034 0.01732394366197183 246
1717075254831 0.017394366197183098 247
1717075256516 0.017464788732394366 248
1717075257759 0.017535211267605634 249
1717075258710 0.017605633802816902 250
1717075259396 0.01767605633802817 251
1717075261470 0.017746478873239435 252
1717075262496 0.017816901408450703 253
1717075265648 0.01788732394366197 254
1717075268890 0.01795774647887324 255
1717075269900 0.018028169014084508 256
1717075273703 0.018098591549295776 257
1717075275250 0.01816901408450704 258
1717075276210 0.01823943661971831 259
1717075278908 0.018309859154929577 260
1717075282924 0.018380281690140846 261
1717075284026 0.018450704225352114 262
1717075287176 0.018521126760563382 263
1717075289692 0.018591549295774647 264
1717075291263 0.018661971830985915 265
1717075292503 0.018732394366197183 266
1717075293892 0.01880281690140845 267
1717075295750 0.01887323943661972 268
1717075299440 0.018943661971830984 269
1717075303362 0.019014084507042252 270
1717075305601 0.01908450704225352 271
1717075306747 0.01915492957746479 272
1717075309465 0.019225352112676057 273
1717075310638 0.019295774647887325 274
1717075311888 0.01936619718309859 275
1717075314627 0.019436619718309858 276
1717075317121 0.019507042253521126 277
1717075318915 0.019577464788732395 278
1717075320130 0.019647887323943663 279
