1717074799416 3.46875 1
1717074801410 8.3125 2
1717074804034 11.75 3
1717074805030 3.5 4
1717074806402 5.125 5
1717074807269 5.1875 6
1717074808876 4.0 7
1717074813641 4.125 8
1717074814748 5.59375 9
1717074815651 14.625 10
1717074816567 5.96875 11
1717074817626 2.578125 12
1717074822114 2.671875 13
1717074823776 5.125 14
1717074824725 2.453125 15
1717074826054 3.390625 16
1717074829600 2.921875 17
1717074830885 3.828125 18
1717074834702 2.109375 19
1717074835660 3.203125 20
1717074837302 2.1875 21
1717074839157 2.625 22
1717074841898 2.953125 23
1717074843744 2.765625 24
1717074846247 4.5 25
1717074847088 2.609375 26
1717074849498 2.8125 27
1717074853200 3.03125 28
1717074854172 2.78125 29
1717074856708 3.546875 30
1717074858121 4.34375 31
1717074860620 3.6875 32
1717074861764 2.875 33
1717074865549 3.171875 34
1717074866919 2.65625 35
1717074870566 2.359375 36
1717074871639 2.96875 37
1717074872822 3.0625 38
1717074874786 2.953125 39
1717074876264 2.765625 40
1717074878231 2.578125 41
1717074879440 2.046875 42
1717074880890 2.6875 43
1717074882608 2.03125 44
1717074884255 2.234375 45
1717074886722 2.015625 46
1717074888129 2.15625 47
1717074889649 3.53125 48
1717074890502 2.359375 49
1717074892497 2.484375 50
1717074893827 4.09375 51
1717074895850 1.921875 52
1717074897130 2.046875 53
1717074898312 1.6015625 54
1717074899172 2.671875 55
1717074901419 3.53125 56
1717074902751 2.421875 57
1717074904943 3.515625 58
1717074906301 2.578125 59
1717074907340 2.5625 60
1717074909458 2.484375 61
1717074910452 1.71875 62
1717074913227 2.15625 63
1717074917498 1.71875 64
1717074918896 1.359375 65
1717074919719 1.8984375 66
1717074920646 2.234375 67
1717074921367 2.734375 68
1717074924062 1.234375 69
1717074924836 1.4375 70
1717074926753 1.9609375 71
1717074928797 2.90625 72
1717074929823 1.9765625 73
1717074931995 1.6640625 74
1717074933138 2.84375 75
1717074937165 2.5 76
1717074940626 2.03125 77
1717074942222 3.15625 78
1717074943617 2.296875 79
1717074947863 1.59375 80
1717074949507 2.234375 81
1717074950572 1.453125 82
1717074952372 1.5234375 83
1717074953860 2.34375 84
1717074954760 2.21875 85
1717074957127 1.671875 86
1717074959151 1.9296875 87
1717074960665 1.6640625 88
1717074962063 2.0625 89
1717074963380 1.6875 90
1717074965457 1.9765625 91
1717074966732 1.7109375 92
1717074968672 2.078125 93
1717074971165 1.7421875 94
1717074974175 2.171875 95
1717074975036 1.90625 96
1717074976645 1.3984375 97
1717074977844 1.96875 98
1717074979099 2.515625 99
1717074980295 1.5546875 100
1717074981689 2.53125 101
1717074983743 2.578125 102
1717074984728 2.0 103
1717074986634 1.71875 104
1717074988632 2.046875 105
1717074989764 1.7890625 106
1717074991465 1.6953125 107
1717074992290 1.6953125 108
1717074994787 1.703125 109
1717074995954 2.125 110
1717074997299 2.484375 111
1717075000254 1.828125 112
1717075001744 1.7734375 113
1717075003990 1.25 114
1717075005307 2.53125 115
1717075006652 2.109375 116
1717075009301 1.578125 117
1717075010599 1.796875 118
1717075012499 1.4609375 119
1717075013430 1.4375 120
1717075015070 1.6796875 121
1717075016061 1.484375 122
1717075017431 1.609375 123
1717075018744 1.40625 124
1717075019564 1.9765625 125
1717075022118 1.25 126
1717075023819 1.3046875 127
1717075025682 1.390625 128
1717075026653 1.421875 129
1717075030510 1.4609375 130
1717075033226 1.9453125 131
1717075034576 2.296875 132
1717075035758 1.6171875 133
1717075037615 1.4921875 134
1717075038855 1.453125 135
1717075039973 2.109375 136
1717075041451 1.5 137
1717075042898 1.2734375 138
1717075044136 1.625 139
1717075045384 1.234375 140
1717075047559 1.9921875 141
1717075048849 2.09375 142
1717075051323 1.4453125 143
1717075052850 1.5546875 144
1717075054573 1.40625 145
1717075058824 1.390625 146
1717075060828 1.1171875 147
1717075062414 1.4140625 148
1717075063392 1.3984375 149
1717075065506 1.40625 150
1717075067109 1.640625 151
1717075068754 1.6875 152
1717075070887 1.6171875 153
1717075072272 1.3203125 154
1717075074693 1.6171875 155
1717075076167 1.5546875 156
1717075077413 1.640625 157
1717075079913 1.2265625 158
1717075081514 1.9296875 159
1717075083304 1.265625 160
1717075086605 1.6875 161
1717075089616 1.8828125 162
1717075090674 1.6484375 163
1717075091404 1.78125 164
1717075093998 1.65625 165
1717075094917 1.6171875 166
1717075097386 1.3828125 167
1717075099075 1.671875 168
1717075100516 1.09375 169
1717075101429 1.5234375 170
1717075104153 1.875 171
1717075105530 1.7890625 172
1717075106522 1.5390625 173
1717075110720 1.7109375 174
1717075111457 1.9609375 175
1717075113942 1.7421875 176
1717075115744 1.921875 177
1717075118596 1.875 178
1717075120634 1.59375 179
1717075122594 1.1328125 180
1717075123939 1.5625 181
1717075125496 1.3828125 182
1717075126489 1.890625 183
1717075127365 1.5078125 184
1717075128827 1.234375 185
1717075130908 1.5078125 186
1717075132354 1.078125 187
1717075133793 3.84375 188
1717075137630 1.5703125 189
1717075139795 1.4296875 190
1717075141401 1.5234375 191
1717075144587 1.1328125 192
1717075145571 1.3046875 193
1717075146652 1.2734375 194
1717075150573 1.25 195
1717075154227 1.40625 196
1717075155599 1.6640625 197
1717075157827 1.5859375 198
1717075160910 1.640625 199
1717075162304 1.4140625 200
1717075163011 2.1875 201
1717075164020 1.65625 202
1717075166469 1.3359375 203
1717075169769 1.5546875 204
1717075170742 1.5078125 205
1717075172138 1.265625 206
1717075173540 1.53125 207
1717075174560 1.5078125 208
1717075176448 1.4765625 209
1717075178100 2.03125 210
1717075180801 1.3046875 211
1717075182065 1.5234375 212
1717075184577 1.1953125 213
1717075185453 1.8046875 214
1717075187109 1.34375 215
1717075188526 1.2890625 216
1717075192905 2.359375 217
1717075194581 1.0546875 218
1717075196278 1.71875 219
1717075199115 1.328125 220
1717075200557 1.296875 221
1717075202330 1.625 222
1717075204044 1.53125 223
1717075206242 1.8671875 224
1717075207292 1.546875 225
1717075209719 2.671875 226
1717075211599 2.265625 227
1717075213586 1.9375 228
1717075215325 1.5078125 229
1717075219670 1.1953125 230
1717075221086 1.5078125 231
1717075222499 1.9140625 232
1717075224584 1.6328125 233
1717075225618 1.28125 234
1717075228595 1.5625 235
1717075229868 2.140625 236
1717075231929 1.4765625 237
1717075236407 2.0625 238
1717075237403 1.8359375 239
1717075239877 2.046875 240
1717075241307 1.53125 241
1717075245553 1.6171875 242
1717075247038 1.5 243
1717075248732 1.7734375 244
1717075250802 1.578125 245
1717075252034 2.390625 246
1717075254831 1.328125 247
1717075256516 1.40625 248
1717075257759 2.125 249
1717075258710 2.21875 250
1717075259396 2.25 251
1717075261470 1.7421875 252
1717075262496 1.8125 253
1717075265648 1.828125 254
1717075268890 2.328125 255
1717075269900 1.5859375 256
1717075273703 1.2890625 257
1717075275250 1.34375 258
1717075276210 1.921875 259
1717075278908 1.6484375 260
1717075282924 2.015625 261
1717075284026 1.7734375 262
1717075287176 1.3046875 263
1717075289692 1.953125 264
1717075291263 1.4140625 265
1717075292503 1.796875 266
1717075293892 2.96875 267
1717075295750 1.640625 268
1717075299440 1.4921875 269
1717075303362 1.265625 270
1717075305601 2.0 271
1717075306747 1.8046875 272
1717075309465 2.546875 273
1717075310638 1.6484375 274
1717075311888 1.390625 275
1717075314627 1.8125 276
1717075317121 1.5390625 277
1717075318915 1.9765625 278
1717075320130 1.5859375 279
