1717074799416 1.1953 1
1717074801410 1.2422 2
1717074804034 1.0625 3
1717074805030 0.8594 4
1717074806402 1.0547 5
1717074807269 1.3047 6
1717074808876 0.8008 7
1717074813641 0.7148 8
1717074814748 0.9961 9
1717074815651 1.2891 10
1717074816567 0.9414 11
1717074817626 0.9297 12
1717074822114 0.9844 13
1717074823776 0.7734 14
1717074824725 0.8359 15
1717074826054 0.9609 16
1717074829600 0.9922 17
1717074830885 1.0312 18
1717074834702 0.9062 19
1717074835660 1.0625 20
1717074837302 0.793 21
1717074839157 1.0781 22
1717074841898 0.7617 23
1717074843744 0.7695 24
1717074846247 1.1094 25
1717074847088 0.9102 26
1717074849498 0.832 27
1717074853200 0.9961 28
1717074854172 0.8711 29
1717074856708 0.9062 30
1717074858121 0.918 31
1717074860620 1.1016 32
1717074861764 0.9453 33
1717074865549 1.0469 34
1717074866919 1.0 35
1717074870566 0.8438 36
1717074871639 1.0469 37
1717074872822 0.8633 38
1717074874786 0.7227 39
1717074876264 0.8008 40
1717074878231 0.8555 41
1717074879440 0.9766 42
1717074880890 1.0703 43
1717074882608 0.8789 44
1717074884255 0.8086 45
1717074886722 0.6406 46
1717074888129 0.8555 47
1717074889649 1.0938 48
1717074890502 0.8281 49
1717074892497 0.9023 50
1717074893827 0.9141 51
1717074895850 0.8672 52
1717074897130 0.8047 53
1717074898312 0.7578 54
1717074899172 0.8672 55
1717074901419 0.9375 56
1717074902751 0.8359 57
1717074904943 0.8477 58
1717074906301 0.7734 59
1717074907340 0.7695 60
1717074909458 0.9297 61
1717074910452 0.75 62
1717074913227 0.8047 63
1717074917498 0.8125 64
1717074918896 0.7344 65
1717074919719 0.7969 66
1717074920646 0.9141 67
1717074921367 0.9805 68
1717074924062 0.7109 69
1717074924836 0.7617 70
1717074926753 0.8203 71
1717074928797 0.7188 72
1717074929823 0.8633 73
1717074931995 0.7852 74
1717074933138 0.8633 75
1717074937165 0.9023 76
1717074940626 0.9531 77
1717074942222 0.8672 78
1717074943617 0.9023 79
1717074947863 0.8242 80
1717074949507 0.8086 81
1717074950572 0.9062 82
1717074952372 0.6289 83
1717074953860 0.8711 84
1717074954760 0.8477 85
1717074957127 0.9219 86
1717074959151 0.9062 87
1717074960665 0.8984 88
1717074962063 0.9766 89
1717074963380 0.8828 90
1717074965457 0.9062 91
1717074966732 0.7266 92
1717074968672 0.8281 93
1717074971165 0.8164 94
1717074974175 0.8516 95
1717074975036 0.8672 96
1717074976645 0.8164 97
1717074977844 0.918 98
1717074979099 0.7891 99
1717074980295 0.8906 100
1717074981689 0.8516 101
1717074983743 0.832 102
1717074984728 0.9492 103
1717074986634 0.9961 104
1717074988632 0.6641 105
1717074989764 0.9609 106
1717074991465 0.8281 107
1717074992290 0.8047 108
1717074994787 0.8281 109
1717074995954 0.9492 110
1717074997299 0.8516 111
1717075000254 0.8281 112
1717075001744 0.8594 113
1717075003990 0.668 114
1717075005307 0.8164 115
1717075006652 0.8828 116
1717075009301 0.8867 117
1717075010599 0.8672 118
1717075012499 0.8945 119
1717075013430 0.8359 120
1717075015070 0.832 121
1717075016061 0.6562 122
1717075017431 0.7773 123
1717075018744 0.8672 124
1717075019564 0.8945 125
1717075022118 0.8203 126
1717075023819 0.7812 127
1717075025682 0.8008 128
1717075026653 0.8125 129
1717075030510 0.7969 130
1717075033226 0.9062 131
1717075034576 0.6641 132
1717075035758 0.8438 133
1717075037615 0.8555 134
1717075038855 0.7188 135
1717075039973 0.8359 136
1717075041451 0.8242 137
1717075042898 0.7617 138
1717075044136 0.8125 139
1717075045384 0.707 140
1717075047559 1.0 141
1717075048849 0.918 142
1717075051323 0.7656 143
1717075052850 0.9023 144
1717075054573 0.8008 145
1717075058824 0.793 146
1717075060828 0.8594 147
1717075062414 0.7969 148
1717075063392 0.9062 149
1717075065506 0.6953 150
1717075067109 0.9336 151
1717075068754 0.957 152
1717075070887 0.8867 153
1717075072272 0.8672 154
1717075074693 0.7461 155
1717075076167 0.8555 156
1717075077413 0.7852 157
1717075079913 0.7188 158
1717075081514 0.9922 159
1717075083304 0.7734 160
1717075086605 0.7383 161
1717075089616 0.8633 162
1717075090674 0.793 163
1717075091404 0.8047 164
1717075093998 0.7812 165
1717075094917 0.8047 166
1717075097386 0.7188 167
1717075099075 0.8164 168
1717075100516 0.8828 169
1717075101429 0.8711 170
1717075104153 0.75 171
1717075105530 0.8906 172
1717075106522 0.8945 173
1717075110720 0.7812 174
1717075111457 0.8906 175
1717075113942 0.7812 176
1717075115744 1.0234 177
1717075118596 1.0312 178
1717075120634 0.75 179
1717075122594 0.8281 180
1717075123939 0.7734 181
1717075125496 0.8438 182
1717075126489 0.8633 183
1717075127365 0.8672 184
1717075128827 0.6758 185
1717075130908 0.8359 186
1717075132354 0.7305 187
1717075133793 0.8438 188
1717075137630 0.7344 189
1717075139795 0.7617 190
1717075141401 0.8789 191
1717075144587 0.8008 192
1717075145571 0.6797 193
1717075146652 0.8516 194
1717075150573 0.7422 195
1717075154227 0.8125 196
1717075155599 0.793 197
1717075157827 0.7539 198
1717075160910 0.6992 199
1717075162304 0.8047 200
1717075163011 0.8789 201
1717075164020 0.8906 202
1717075166469 0.8438 203
1717075169769 0.7422 204
1717075170742 0.75 205
1717075172138 0.7148 206
1717075173540 0.8281 207
1717075174560 0.7891 208
1717075176448 0.8555 209
1717075178100 0.9062 210
1717075180801 0.8203 211
1717075182065 0.8711 212
1717075184577 0.75 213
1717075185453 0.707 214
1717075187109 0.7031 215
1717075188526 0.6523 216
1717075192905 0.9922 217
1717075194581 0.7617 218
1717075196278 0.8008 219
1717075199115 0.8984 220
1717075200557 0.6602 221
1717075202330 0.7812 222
1717075204044 0.7031 223
1717075206242 0.8203 224
1717075207292 0.75 225
1717075209719 0.9844 226
1717075211599 0.8906 227
1717075213586 0.8906 228
1717075215325 0.7969 229
1717075219670 0.7656 230
1717075221086 0.7461 231
1717075222499 0.6953 232
1717075224584 0.6992 233
1717075225618 0.7188 234
1717075228595 0.8125 235
1717075229868 0.8086 236
1717075231929 0.8203 237
1717075236407 0.8477 238
1717075237403 0.8711 239
1717075239877 0.9961 240
1717075241307 0.7617 241
1717075245553 0.7852 242
1717075247038 0.8086 243
1717075248732 0.7695 244
1717075250802 0.7969 245
1717075252034 0.75 246
1717075254831 0.7422 247
1717075256516 0.6484 248
1717075257759 0.8516 249
1717075258710 0.75 250
1717075259396 0.957 251
1717075261470 0.7969 252
1717075262496 0.8594 253
1717075265648 0.9219 254
1717075268890 0.9141 255
1717075269900 0.7227 256
1717075273703 0.7656 257
1717075275250 0.7344 258
1717075276210 0.8047 259
1717075278908 0.7578 260
1717075282924 0.8242 261
1717075284026 0.8438 262
1717075287176 0.7852 263
1717075289692 0.8984 264
1717075291263 0.7109 265
1717075292503 0.8867 266
1717075293892 0.8555 267
1717075295750 0.8242 268
1717075299440 0.8477 269
1717075303362 0.6055 270
1717075305601 0.9609 271
1717075306747 0.8633 272
1717075309465 0.8555 273
1717075310638 0.8242 274
1717075311888 0.7422 275
1717075314627 0.8867 276
1717075317121 0.8086 277
1717075318915 0.9141 278
1717075320130 0.8359 279
