1717074799416 9.999765258215962e-07 1
1717074801410 9.999530516431924e-07 2
1717074804034 9.999295774647888e-07 3
1717074805030 9.99906103286385e-07 4
1717074806402 9.998826291079812e-07 5
1717074807269 9.998591549295774e-07 6
1717074808876 9.998356807511736e-07 7
1717074813641 9.998122065727698e-07 8
1717074814748 9.997887323943662e-07 9
1717074815651 9.997652582159624e-07 10
1717074816567 9.997417840375586e-07 11
1717074817626 9.997183098591548e-07 12
1717074822114 9.99694835680751e-07 13
1717074823776 9.996713615023474e-07 14
1717074824725 9.996478873239436e-07 15
1717074826054 9.996244131455398e-07 16
1717074829600 9.996009389671362e-07 17
1717074830885 9.995774647887324e-07 18
1717074834702 9.995539906103286e-07 19
1717074835660 9.995305164319248e-07 20
1717074837302 9.99507042253521e-07 21
1717074839157 9.994835680751174e-07 22
1717074841898 9.994600938967137e-07 23
1717074843744 9.994366197183099e-07 24
1717074846247 9.99413145539906e-07 25
1717074847088 9.993896713615023e-07 26
1717074849498 9.993661971830985e-07 27
1717074853200 9.993427230046949e-07 28
1717074854172 9.99319248826291e-07 29
1717074856708 9.992957746478873e-07 30
1717074858121 9.992723004694835e-07 31
1717074860620 9.992488262910797e-07 32
1717074861764 9.99225352112676e-07 33
1717074865549 9.992018779342723e-07 34
1717074866919 9.991784037558685e-07 35
1717074870566 9.991549295774647e-07 36
1717074871639 9.99131455399061e-07 37
1717074872822 9.99107981220657e-07 38
1717074874786 9.990845070422535e-07 39
1717074876264 9.990610328638497e-07 40
1717074878231 9.99037558685446e-07 41
1717074879440 9.990140845070421e-07 42
1717074880890 9.989906103286383e-07 43
1717074882608 9.989671361502347e-07 44
1717074884255 9.98943661971831e-07 45
1717074886722 9.989201877934271e-07 46
1717074888129 9.988967136150235e-07 47
1717074889649 9.988732394366197e-07 48
1717074890502 9.98849765258216e-07 49
1717074892497 9.988262910798122e-07 50
1717074893827 9.988028169014084e-07 51
1717074895850 9.987793427230048e-07 52
1717074897130 9.98755868544601e-07 53
1717074898312 9.987323943661972e-07 54
1717074899172 9.987089201877934e-07 55
1717074901419 9.986854460093896e-07 56
1717074902751 9.98661971830986e-07 57
1717074904943 9.986384976525822e-07 58
1717074906301 9.986150234741784e-07 59
1717074907340 9.985915492957746e-07 60
1717074909458 9.985680751173708e-07 61
1717074910452 9.98544600938967e-07 62
1717074913227 9.985211267605634e-07 63
1717074917498 9.984976525821596e-07 64
1717074918896 9.984741784037558e-07 65
1717074919719 9.98450704225352e-07 66
1717074920646 9.984272300469482e-07 67
1717074921367 9.984037558685446e-07 68
1717074924062 9.983802816901408e-07 69
1717074924836 9.98356807511737e-07 70
1717074926753 9.983333333333332e-07 71
1717074928797 9.983098591549294e-07 72
1717074929823 9.982863849765256e-07 73
1717074931995 9.98262910798122e-07 74
1717074933138 9.982394366197183e-07 75
1717074937165 9.982159624413147e-07 76
1717074940626 9.981924882629109e-07 77
1717074942222 9.98169014084507e-07 78
1717074943617 9.981455399061033e-07 79
1717074947863 9.981220657276995e-07 80
1717074949507 9.980985915492957e-07 81
1717074950572 9.98075117370892e-07 82
1717074952372 9.980516431924883e-07 83
1717074953860 9.980281690140845e-07 84
1717074954760 9.980046948356807e-07 85
1717074957127 9.979812206572769e-07 86
1717074959151 9.979577464788733e-07 87
1717074960665 9.979342723004695e-07 88
1717074962063 9.979107981220657e-07 89
1717074963380 9.97887323943662e-07 90
1717074965457 9.978638497652581e-07 91
1717074966732 9.978403755868543e-07 92
1717074968672 9.978169014084507e-07 93
1717074971165 9.97793427230047e-07 94
1717074974175 9.977699530516431e-07 95
1717074975036 9.977464788732393e-07 96
1717074976645 9.977230046948355e-07 97
1717074977844 9.97699530516432e-07 98
1717074979099 9.976760563380281e-07 99
1717074980295 9.976525821596244e-07 100
1717074981689 9.976291079812206e-07 101
1717074983743 9.976056338028168e-07 102
1717074984728 9.97582159624413e-07 103
1717074986634 9.975586854460094e-07 104
1717074988632 9.975352112676056e-07 105
1717074989764 9.97511737089202e-07 106
1717074991465 9.974882629107982e-07 107
1717074992290 9.974647887323944e-07 108
1717074994787 9.974413145539906e-07 109
1717074995954 9.974178403755868e-07 110
1717074997299 9.97394366197183e-07 111
1717075000254 9.973708920187794e-07 112
1717075001744 9.973474178403756e-07 113
1717075003990 9.973239436619718e-07 114
1717075005307 9.97300469483568e-07 115
1717075006652 9.972769953051642e-07 116
1717075009301 9.972535211267606e-07 117
1717075010599 9.972300469483568e-07 118
1717075012499 9.97206572769953e-07 119
1717075013430 9.971830985915492e-07 120
1717075015070 9.971596244131454e-07 121
1717075016061 9.971361502347416e-07 122
1717075017431 9.97112676056338e-07 123
1717075018744 9.970892018779342e-07 124
1717075019564 9.970657276995304e-07 125
1717075022118 9.970422535211267e-07 126
1717075023819 9.970187793427229e-07 127
1717075025682 9.969953051643193e-07 128
1717075026653 9.969718309859155e-07 129
1717075030510 9.969483568075117e-07 130
1717075033226 9.969248826291079e-07 131
1717075034576 9.96901408450704e-07 132
1717075035758 9.968779342723005e-07 133
1717075037615 9.968544600938967e-07 134
1717075038855 9.968309859154929e-07 135
1717075039973 9.96807511737089e-07 136
1717075041451 9.967840375586855e-07 137
1717075042898 9.967605633802817e-07 138
1717075044136 9.96737089201878e-07 139
1717075045384 9.967136150234741e-07 140
1717075047559 9.966901408450703e-07 141
1717075048849 9.966666666666667e-07 142
1717075051323 9.96643192488263e-07 143
1717075052850 9.966197183098591e-07 144
1717075054573 9.965962441314553e-07 145
1717075058824 9.965727699530515e-07 146
1717075060828 9.96549295774648e-07 147
1717075062414 9.965258215962441e-07 148
1717075063392 9.965023474178403e-07 149
1717075065506 9.964788732394365e-07 150
1717075067109 9.964553990610328e-07 151
1717075068754 9.964319248826292e-07 152
1717075070887 9.964084507042254e-07 153
1717075072272 9.963849765258216e-07 154
1717075074693 9.963615023474178e-07 155
1717075076167 9.96338028169014e-07 156
1717075077413 9.963145539906102e-07 157
1717075079913 9.962910798122066e-07 158
1717075081514 9.962676056338028e-07 159
1717075083304 9.96244131455399e-07 160
1717075086605 9.962206572769952e-07 161
1717075089616 9.961971830985914e-07 162
1717075090674 9.961737089201878e-07 163
1717075091404 9.96150234741784e-07 164
1717075093998 9.961267605633802e-07 165
1717075094917 9.961032863849764e-07 166
1717075097386 9.960798122065728e-07 167
1717075099075 9.96056338028169e-07 168
1717075100516 9.960328638497652e-07 169
1717075101429 9.960093896713614e-07 170
1717075104153 9.959859154929578e-07 171
1717075105530 9.95962441314554e-07 172
1717075106522 9.959389671361502e-07 173
1717075110720 9.959154929577464e-07 174
1717075111457 9.958920187793426e-07 175
1717075113942 9.958685446009388e-07 176
1717075115744 9.958450704225353e-07 177
1717075118596 9.958215962441315e-07 178
1717075120634 9.957981220657277e-07 179
1717075122594 9.957746478873239e-07 180
1717075123939 9.9575117370892e-07 181
1717075125496 9.957276995305165e-07 182
1717075126489 9.957042253521127e-07 183
1717075127365 9.956807511737089e-07 184
1717075128827 9.95657276995305e-07 185
1717075130908 9.956338028169013e-07 186
1717075132354 9.956103286384975e-07 187
1717075133793 9.95586854460094e-07 188
1717075137630 9.9556338028169e-07 189
1717075139795 9.955399061032863e-07 190
1717075141401 9.955164319248825e-07 191
1717075144587 9.954929577464787e-07 192
1717075145571 9.954694835680751e-07 193
1717075146652 9.954460093896713e-07 194
1717075150573 9.954225352112675e-07 195
1717075154227 9.953990610328637e-07 196
1717075155599 9.953755868544601e-07 197
1717075157827 9.953521126760563e-07 198
1717075160910 9.953286384976525e-07 199
1717075162304 9.953051643192487e-07 200
1717075163011 9.952816901408452e-07 201
1717075164020 9.952582159624414e-07 202
1717075166469 9.952347417840376e-07 203
1717075169769 9.952112676056338e-07 204
1717075170742 9.9518779342723e-07 205
1717075172138 9.951643192488262e-07 206
1717075173540 9.951408450704226e-07 207
1717075174560 9.951173708920188e-07 208
1717075176448 9.95093896713615e-07 209
1717075178100 9.950704225352112e-07 210
1717075180801 9.950469483568074e-07 211
1717075182065 9.950234741784038e-07 212
1717075184577 9.95e-07 213
1717075185453 9.949765258215962e-07 214
1717075187109 9.949530516431924e-07 215
1717075188526 9.949295774647886e-07 216
1717075192905 9.949061032863848e-07 217
1717075194581 9.948826291079812e-07 218
1717075196278 9.948591549295774e-07 219
1717075199115 9.948356807511736e-07 220
1717075200557 9.948122065727698e-07 221
1717075202330 9.94788732394366e-07 222
1717075204044 9.947652582159624e-07 223
1717075206242 9.947417840375586e-07 224
1717075207292 9.947183098591548e-07 225
1717075209719 9.94694835680751e-07 226
1717075211599 9.946713615023475e-07 227
1717075213586 9.946478873239437e-07 228
1717075215325 9.946244131455399e-07 229
1717075219670 9.94600938967136e-07 230
1717075221086 9.945774647887325e-07 231
1717075222499 9.945539906103287e-07 232
1717075224584 9.945305164319249e-07 233
1717075225618 9.94507042253521e-07 234
1717075228595 9.944835680751173e-07 235
1717075229868 9.944600938967135e-07 236
1717075231929 9.9443661971831e-07 237
1717075236407 9.94413145539906e-07 238
1717075237403 9.943896713615023e-07 239
1717075239877 9.943661971830985e-07 240
1717075241307 9.943427230046947e-07 241
1717075245553 9.943192488262911e-07 242
1717075247038 9.942957746478873e-07 243
1717075248732 9.942723004694835e-07 244
1717075250802 9.942488262910797e-07 245
1717075252034 9.94225352112676e-07 246
1717075254831 9.942018779342723e-07 247
1717075256516 9.941784037558685e-07 248
1717075257759 9.941549295774647e-07 249
1717075258710 9.94131455399061e-07 250
1717075259396 9.941079812206571e-07 251
1717075261470 9.940845070422533e-07 252
1717075262496 9.940610328638498e-07 253
1717075265648 9.94037558685446e-07 254
1717075268890 9.940140845070422e-07 255
1717075269900 9.939906103286384e-07 256
1717075273703 9.939671361502346e-07 257
1717075275250 9.93943661971831e-07 258
1717075276210 9.939201877934272e-07 259
1717075278908 9.938967136150234e-07 260
1717075282924 9.938732394366198e-07 261
1717075284026 9.93849765258216e-07 262
1717075287176 9.938262910798122e-07 263
1717075289692 9.938028169014084e-07 264
1717075291263 9.937793427230046e-07 265
1717075292503 9.93755868544601e-07 266
1717075293892 9.937323943661972e-07 267
1717075295750 9.937089201877934e-07 268
1717075299440 9.936854460093896e-07 269
1717075303362 9.936619718309858e-07 270
1717075305601 9.93638497652582e-07 271
1717075306747 9.936150234741784e-07 272
1717075309465 9.935915492957746e-07 273
1717075310638 9.935680751173708e-07 274
1717075311888 9.93544600938967e-07 275
1717075314627 9.935211267605632e-07 276
1717075317121 9.934976525821597e-07 277
1717075318915 9.934741784037559e-07 278
1717075320130 9.93450704225352e-07 279
