1717074799416 9.999765258215963e-05 1
1717074801410 9.999530516431925e-05 2
1717074804034 9.999295774647887e-05 3
1717074805030 9.99906103286385e-05 4
1717074806402 9.998826291079812e-05 5
1717074807269 9.998591549295775e-05 6
1717074808876 9.998356807511738e-05 7
1717074813641 9.9981220657277e-05 8
1717074814748 9.997887323943662e-05 9
1717074815651 9.997652582159625e-05 10
1717074816567 9.997417840375587e-05 11
1717074817626 9.997183098591549e-05 12
1717074822114 9.996948356807511e-05 13
1717074823776 9.996713615023474e-05 14
1717074824725 9.996478873239436e-05 15
1717074826054 9.9962441314554e-05 16
1717074829600 9.996009389671363e-05 17
1717074830885 9.995774647887325e-05 18
1717074834702 9.995539906103288e-05 19
1717074835660 9.99530516431925e-05 20
1717074837302 9.995070422535212e-05 21
1717074839157 9.994835680751174e-05 22
1717074841898 9.994600938967137e-05 23
1717074843744 9.994366197183099e-05 24
1717074846247 9.994131455399061e-05 25
1717074847088 9.993896713615024e-05 26
1717074849498 9.993661971830986e-05 27
1717074853200 9.99342723004695e-05 28
1717074854172 9.993192488262912e-05 29
1717074856708 9.992957746478874e-05 30
1717074858121 9.992723004694836e-05 31
1717074860620 9.992488262910799e-05 32
1717074861764 9.992253521126761e-05 33
1717074865549 9.992018779342723e-05 34
1717074866919 9.991784037558685e-05 35
1717074870566 9.991549295774648e-05 36
1717074871639 9.99131455399061e-05 37
1717074872822 9.991079812206574e-05 38
1717074874786 9.990845070422536e-05 39
1717074876264 9.990610328638498e-05 40
1717074878231 9.99037558685446e-05 41
1717074879440 9.990140845070423e-05 42
1717074880890 9.989906103286385e-05 43
1717074882608 9.989671361502347e-05 44
1717074884255 9.98943661971831e-05 45
1717074886722 9.989201877934273e-05 46
1717074888129 9.988967136150235e-05 47
1717074889649 9.988732394366198e-05 48
1717074890502 9.98849765258216e-05 49
1717074892497 9.988262910798123e-05 50
1717074893827 9.988028169014086e-05 51
1717074895850 9.987793427230048e-05 52
1717074897130 9.98755868544601e-05 53
1717074898312 9.987323943661973e-05 54
1717074899172 9.987089201877935e-05 55
1717074901419 9.986854460093897e-05 56
1717074902751 9.98661971830986e-05 57
1717074904943 9.986384976525822e-05 58
1717074906301 9.986150234741784e-05 59
1717074907340 9.985915492957748e-05 60
1717074909458 9.98568075117371e-05 61
1717074910452 9.985446009389672e-05 62
1717074913227 9.985211267605634e-05 63
1717074917498 9.984976525821597e-05 64
1717074918896 9.984741784037559e-05 65
1717074919719 9.984507042253521e-05 66
1717074920646 9.984272300469483e-05 67
1717074921367 9.984037558685446e-05 68
1717074924062 9.983802816901408e-05 69
1717074924836 9.983568075117372e-05 70
1717074926753 9.983333333333334e-05 71
1717074928797 9.983098591549296e-05 72
1717074929823 9.982863849765258e-05 73
1717074931995 9.98262910798122e-05 74
1717074933138 9.982394366197183e-05 75
1717074937165 9.982159624413147e-05 76
1717074940626 9.981924882629109e-05 77
1717074942222 9.981690140845071e-05 78
1717074943617 9.981455399061033e-05 79
1717074947863 9.981220657276996e-05 80
1717074949507 9.980985915492958e-05 81
1717074950572 9.980751173708922e-05 82
1717074952372 9.980516431924884e-05 83
1717074953860 9.980281690140846e-05 84
1717074954760 9.980046948356808e-05 85
1717074957127 9.97981220657277e-05 86
1717074959151 9.979577464788733e-05 87
1717074960665 9.979342723004695e-05 88
1717074962063 9.979107981220657e-05 89
1717074963380 9.97887323943662e-05 90
1717074965457 9.978638497652582e-05 91
1717074966732 9.978403755868546e-05 92
1717074968672 9.978169014084508e-05 93
1717074971165 9.97793427230047e-05 94
1717074974175 9.977699530516432e-05 95
1717074975036 9.977464788732395e-05 96
1717074976645 9.977230046948357e-05 97
1717074977844 9.976995305164319e-05 98
1717074979099 9.976760563380281e-05 99
1717074980295 9.976525821596244e-05 100
1717074981689 9.976291079812206e-05 101
1717074983743 9.97605633802817e-05 102
1717074984728 9.975821596244132e-05 103
1717074986634 9.975586854460094e-05 104
1717074988632 9.975352112676056e-05 105
1717074989764 9.97511737089202e-05 106
1717074991465 9.974882629107982e-05 107
1717074992290 9.974647887323945e-05 108
1717074994787 9.974413145539907e-05 109
1717074995954 9.974178403755869e-05 110
1717074997299 9.973943661971831e-05 111
1717075000254 9.973708920187794e-05 112
1717075001744 9.973474178403756e-05 113
1717075003990 9.97323943661972e-05 114
1717075005307 9.973004694835682e-05 115
1717075006652 9.972769953051644e-05 116
1717075009301 9.972535211267606e-05 117
1717075010599 9.972300469483569e-05 118
1717075012499 9.972065727699531e-05 119
1717075013430 9.971830985915493e-05 120
1717075015070 9.971596244131455e-05 121
1717075016061 9.971361502347418e-05 122
1717075017431 9.97112676056338e-05 123
1717075018744 9.970892018779344e-05 124
1717075019564 9.970657276995306e-05 125
1717075022118 9.970422535211268e-05 126
1717075023819 9.97018779342723e-05 127
1717075025682 9.969953051643193e-05 128
1717075026653 9.969718309859155e-05 129
1717075030510 9.969483568075117e-05 130
1717075033226 9.96924882629108e-05 131
1717075034576 9.969014084507042e-05 132
1717075035758 9.968779342723004e-05 133
1717075037615 9.968544600938968e-05 134
1717075038855 9.96830985915493e-05 135
1717075039973 9.968075117370892e-05 136
1717075041451 9.967840375586856e-05 137
1717075042898 9.967605633802818e-05 138
1717075044136 9.96737089201878e-05 139
1717075045384 9.967136150234743e-05 140
1717075047559 9.966901408450705e-05 141
1717075048849 9.966666666666667e-05 142
1717075051323 9.96643192488263e-05 143
1717075052850 9.966197183098592e-05 144
1717075054573 9.965962441314554e-05 145
1717075058824 9.965727699530518e-05 146
1717075060828 9.96549295774648e-05 147
1717075062414 9.965258215962442e-05 148
1717075063392 9.965023474178404e-05 149
1717075065506 9.964788732394367e-05 150
1717075067109 9.964553990610329e-05 151
1717075068754 9.964319248826291e-05 152
1717075070887 9.964084507042254e-05 153
1717075072272 9.963849765258216e-05 154
1717075074693 9.963615023474178e-05 155
1717075076167 9.963380281690142e-05 156
1717075077413 9.963145539906104e-05 157
1717075079913 9.962910798122066e-05 158
1717075081514 9.962676056338029e-05 159
1717075083304 9.962441314553991e-05 160
1717075086605 9.962206572769953e-05 161
1717075089616 9.961971830985915e-05 162
1717075090674 9.961737089201878e-05 163
1717075091404 9.96150234741784e-05 164
1717075093998 9.961267605633802e-05 165
1717075094917 9.961032863849766e-05 166
1717075097386 9.960798122065728e-05 167
1717075099075 9.960563380281692e-05 168
1717075100516 9.960328638497654e-05 169
1717075101429 9.960093896713616e-05 170
1717075104153 9.959859154929578e-05 171
1717075105530 9.959624413145541e-05 172
1717075106522 9.959389671361503e-05 173
1717075110720 9.959154929577465e-05 174
1717075111457 9.958920187793428e-05 175
1717075113942 9.95868544600939e-05 176
1717075115744 9.958450704225352e-05 177
1717075118596 9.958215962441316e-05 178
1717075120634 9.957981220657278e-05 179
1717075122594 9.95774647887324e-05 180
1717075123939 9.957511737089203e-05 181
1717075125496 9.957276995305165e-05 182
1717075126489 9.957042253521127e-05 183
1717075127365 9.95680751173709e-05 184
1717075128827 9.956572769953052e-05 185
1717075130908 9.956338028169014e-05 186
1717075132354 9.956103286384976e-05 187
1717075133793 9.95586854460094e-05 188
1717075137630 9.955633802816902e-05 189
1717075139795 9.955399061032864e-05 190
1717075141401 9.955164319248827e-05 191
1717075144587 9.954929577464789e-05 192
1717075145571 9.954694835680751e-05 193
1717075146652 9.954460093896713e-05 194
1717075150573 9.954225352112676e-05 195
1717075154227 9.953990610328638e-05 196
1717075155599 9.953755868544602e-05 197
1717075157827 9.953521126760564e-05 198
1717075160910 9.953286384976526e-05 199
1717075162304 9.95305164319249e-05 200
1717075163011 9.952816901408452e-05 201
1717075164020 9.952582159624414e-05 202
1717075166469 9.952347417840377e-05 203
1717075169769 9.952112676056339e-05 204
1717075170742 9.951877934272301e-05 205
1717075172138 9.951643192488263e-05 206
1717075173540 9.951408450704226e-05 207
1717075174560 9.951173708920188e-05 208
1717075176448 9.95093896713615e-05 209
1717075178100 9.950704225352114e-05 210
1717075180801 9.950469483568076e-05 211
1717075182065 9.950234741784038e-05 212
1717075184577 9.95e-05 213
1717075185453 9.949765258215963e-05 214
1717075187109 9.949530516431925e-05 215
1717075188526 9.949295774647887e-05 216
1717075192905 9.94906103286385e-05 217
1717075194581 9.948826291079812e-05 218
1717075196278 9.948591549295774e-05 219
1717075199115 9.948356807511738e-05 220
1717075200557 9.9481220657277e-05 221
1717075202330 9.947887323943662e-05 222
1717075204044 9.947652582159625e-05 223
1717075206242 9.947417840375587e-05 224
1717075207292 9.947183098591549e-05 225
1717075209719 9.946948356807511e-05 226
1717075211599 9.946713615023475e-05 227
1717075213586 9.946478873239437e-05 228
1717075215325 9.9462441314554e-05 229
1717075219670 9.946009389671362e-05 230
1717075221086 9.945774647887324e-05 231
1717075222499 9.945539906103288e-05 232
1717075224584 9.94530516431925e-05 233
1717075225618 9.945070422535212e-05 234
1717075228595 9.944835680751175e-05 235
1717075229868 9.944600938967137e-05 236
1717075231929 9.944366197183099e-05 237
1717075236407 9.944131455399061e-05 238
1717075237403 9.943896713615024e-05 239
1717075239877 9.943661971830986e-05 240
1717075241307 9.943427230046948e-05 241
1717075245553 9.943192488262912e-05 242
1717075247038 9.942957746478874e-05 243
1717075248732 9.942723004694836e-05 244
1717075250802 9.942488262910799e-05 245
1717075252034 9.942253521126761e-05 246
1717075254831 9.942018779342723e-05 247
1717075256516 9.941784037558685e-05 248
1717075257759 9.941549295774648e-05 249
1717075258710 9.94131455399061e-05 250
1717075259396 9.941079812206572e-05 251
1717075261470 9.940845070422536e-05 252
1717075262496 9.940610328638498e-05 253
1717075265648 9.94037558685446e-05 254
1717075268890 9.940140845070423e-05 255
1717075269900 9.939906103286385e-05 256
1717075273703 9.939671361502347e-05 257
1717075275250 9.939436619718311e-05 258
1717075276210 9.939201877934273e-05 259
1717075278908 9.938967136150235e-05 260
1717075282924 9.938732394366198e-05 261
1717075284026 9.93849765258216e-05 262
1717075287176 9.938262910798122e-05 263
1717075289692 9.938028169014086e-05 264
1717075291263 9.937793427230048e-05 265
1717075292503 9.93755868544601e-05 266
1717075293892 9.937323943661973e-05 267
1717075295750 9.937089201877935e-05 268
1717075299440 9.936854460093897e-05 269
1717075303362 9.93661971830986e-05 270
1717075305601 9.936384976525822e-05 271
1717075306747 9.936150234741784e-05 272
1717075309465 9.935915492957746e-05 273
1717075310638 9.93568075117371e-05 274
1717075311888 9.935446009389672e-05 275
1717075314627 9.935211267605634e-05 276
1717075317121 9.934976525821597e-05 277
1717075318915 9.934741784037559e-05 278
1717075320130 9.934507042253521e-05 279
