1717075759862 7.042253521126761e-05 1
1717075761729 0.00014084507042253522 2
1717075764596 0.00021126760563380283 3
1717075765694 0.00028169014084507044 4
1717075766907 0.00035211267605633805 5
1717075768010 0.00042253521126760566 6
1717075769263 0.0004929577464788732 7
1717075773738 0.0005633802816901409 8
1717075774833 0.0006338028169014084 9
1717075775720 0.0007042253521126761 10
1717075776632 0.0007746478873239436 11
1717075777683 0.0008450704225352113 12
1717075782190 0.0009154929577464789 13
1717075783923 0.0009859154929577464 14
1717075784780 0.001056338028169014 15
1717075786185 0.0011267605633802818 16
1717075789531 0.0011971830985915493 17
1717075790890 0.0012676056338028169 18
1717075794853 0.0013380281690140844 19
1717075795800 0.0014084507042253522 20
1717075797441 0.0014788732394366197 21
1717075799287 0.0015492957746478873 22
1717075802001 0.0016197183098591549 23
1717075803967 0.0016901408450704226 24
1717075806469 0.0017605633802816902 25
1717075807310 0.0018309859154929577 26
1717075809875 0.0019014084507042253 27
