1717075759862 3.46875 1
1717075761729 8.3125 2
1717075764596 11.75 3
1717075765694 3.5 4
1717075766907 5.125 5
1717075768010 5.1875 6
1717075769263 4.0 7
1717075773738 4.125 8
1717075774833 5.59375 9
1717075775720 14.625 10
1717075776632 5.96875 11
1717075777683 2.578125 12
1717075782190 2.671875 13
1717075783923 5.125 14
1717075784780 2.453125 15
1717075786185 3.390625 16
1717075789531 2.921875 17
1717075790890 3.828125 18
1717075794853 2.109375 19
1717075795800 3.203125 20
1717075797441 2.1875 21
1717075799287 2.625 22
1717075802001 2.953125 23
1717075803967 2.765625 24
1717075806469 4.5 25
1717075807310 2.609375 26
1717075809875 2.8125 27
