1717075759862 1.1953 1
1717075761729 1.2422 2
1717075764596 1.0625 3
1717075765694 0.8594 4
1717075766907 1.0547 5
1717075768010 1.3047 6
1717075769263 0.8008 7
1717075773738 0.7148 8
1717075774833 0.9961 9
1717075775720 1.2891 10
1717075776632 0.9414 11
1717075777683 0.9297 12
1717075782190 0.9844 13
1717075783923 0.7734 14
1717075784780 0.8359 15
1717075786185 0.9609 16
1717075789531 0.9922 17
1717075790890 1.0312 18
1717075794853 0.9062 19
1717075795800 1.0625 20
1717075797441 0.793 21
1717075799287 1.0781 22
1717075802001 0.7617 23
1717075803967 0.7695 24
1717075806469 1.1094 25
1717075807310 0.9102 26
1717075809875 0.832 27
