1717075759862 9.999765258215962e-07 1
1717075761729 9.999530516431924e-07 2
1717075764596 9.999295774647888e-07 3
1717075765694 9.99906103286385e-07 4
1717075766907 9.998826291079812e-07 5
1717075768010 9.998591549295774e-07 6
1717075769263 9.998356807511736e-07 7
1717075773738 9.998122065727698e-07 8
1717075774833 9.997887323943662e-07 9
1717075775720 9.997652582159624e-07 10
1717075776632 9.997417840375586e-07 11
1717075777683 9.997183098591548e-07 12
1717075782190 9.99694835680751e-07 13
1717075783923 9.996713615023474e-07 14
1717075784780 9.996478873239436e-07 15
1717075786185 9.996244131455398e-07 16
1717075789531 9.996009389671362e-07 17
1717075790890 9.995774647887324e-07 18
1717075794853 9.995539906103286e-07 19
1717075795800 9.995305164319248e-07 20
1717075797441 9.99507042253521e-07 21
1717075799287 9.994835680751174e-07 22
1717075802001 9.994600938967137e-07 23
1717075803967 9.994366197183099e-07 24
1717075806469 9.99413145539906e-07 25
1717075807310 9.993896713615023e-07 26
1717075809875 9.993661971830985e-07 27
