1717075759862 9.999765258215963e-05 1
1717075761729 9.999530516431925e-05 2
1717075764596 9.999295774647887e-05 3
1717075765694 9.99906103286385e-05 4
1717075766907 9.998826291079812e-05 5
1717075768010 9.998591549295775e-05 6
1717075769263 9.998356807511738e-05 7
1717075773738 9.9981220657277e-05 8
1717075774833 9.997887323943662e-05 9
1717075775720 9.997652582159625e-05 10
1717075776632 9.997417840375587e-05 11
1717075777683 9.997183098591549e-05 12
1717075782190 9.996948356807511e-05 13
1717075783923 9.996713615023474e-05 14
1717075784780 9.996478873239436e-05 15
1717075786185 9.9962441314554e-05 16
1717075789531 9.996009389671363e-05 17
1717075790890 9.995774647887325e-05 18
1717075794853 9.995539906103288e-05 19
1717075795800 9.99530516431925e-05 20
1717075797441 9.995070422535212e-05 21
1717075799287 9.994835680751174e-05 22
1717075802001 9.994600938967137e-05 23
1717075803967 9.994366197183099e-05 24
1717075806469 9.994131455399061e-05 25
1717075807310 9.993896713615024e-05 26
1717075809875 9.993661971830986e-05 27
